201
0.750000000000  -0.003741940483   0.
0.749999880791  -0.003741940211   0.
0.749999761581  -0.003741939938   0.
0.749999582767  -0.003741939527   0.
0.749999463558  -0.003741939254   0.
0.749999225140  -0.003741938708   0.
0.749998986721  -0.003741938162   0.
0.749998748302  -0.003741937615   0.
0.749998450279  -0.003741936933   0.
0.749998092651  -0.003741936114   0.
0.749997675419  -0.003741935158   0.
0.749997198582  -0.003741934065   0.
0.749996721745  -0.003741932973   0.
0.749996066093  -0.003741931470   0.
0.749995410442  -0.003741929968   0.
0.749994575977  -0.003741928056   0.
0.749993622303  -0.003741925872   0.
0.749992549419  -0.003741923414   0.
0.749991297722  -0.003741920546   0.
0.749989867210  -0.003741917268   0.
0.749988257885  -0.003741913582   0.
0.749986350536  -0.003741909212   0.
0.749984145164  -0.003741904159   0.
0.749981582165  -0.003741898287   0.
0.749978721142  -0.003741891732   0.
0.749975383282  -0.003741884085   0.
0.749971568584  -0.003741875346   0.
0.749967157841  -0.003741865241   0.
0.749962031841  -0.003741853497   0.
0.749956190586  -0.003741840114   0.
0.749949395657  -0.003741824547   0.
0.749941647053  -0.003741806794   0.
0.749932646751  -0.003741786174   0.
0.749922335148  -0.003741762550   0.
0.749910473824  -0.003741735375   0.
0.749896824360  -0.003741704103   0.
0.749881029129  -0.003741667915   0.
0.749862849712  -0.003741626080   0.
0.749841988087  -0.003741576693   0.
0.749817967415  -0.003741520171   0.
0.749790251255  -0.003741454952   0.
0.749758362770  -0.003741379915   0.
0.749721646309  -0.003741293111   0.
0.749679386616  -0.003741190769   0.
0.749630689621  -0.003741071665   0.
0.749574601650  -0.003740934244   0.
0.749510109425  -0.003740772772   0.
0.749435782433  -0.003740581873   0.
0.749350249767  -0.003740356973   0.
0.749251723289  -0.003740092834   0.
0.749138295650  -0.003739786771   0.
0.749007761478  -0.003739425636   0.
0.748857438564  -0.003738992673   0.
0.748684465885  -0.003738476647   0.
0.748485267162  -0.003737869265   0.
0.748256027699  -0.003737133913   0.
0.747992157936  -0.003736261307   0.
0.747688472271  -0.003735190621   0.
0.747339069843  -0.003733907768   0.
0.746936917305  -0.003732330631   0.
0.746474266052  -0.003730410419   0.
0.745942056179  -0.003728033917   0.
0.745329856873  -0.003725112329   0.
0.744625866413  -0.003721470275   0.
0.743816435337  -0.003716925334   0.
0.742885887623  -0.003711226920   0.
0.741816580296  -0.003704037052   0.
0.740588009357  -0.003694953455   0.
0.739177048206  -0.003683408431   0.
0.737557232380  -0.003668691264   0.
0.735698580742  -0.003649850260   0.
0.733566939831  -0.003625672427   0.
0.731123566628  -0.003594549489   0.
0.728324890137  -0.003554370953   0.
0.725121974945  -0.003502399428   0.
0.721459507942  -0.003435051767   0.
0.717275977135  -0.003347615246   0.
0.712502956390  -0.003233975032   0.
0.707064628601  -0.003086172743   0.
0.700877785683  -0.002893998520   0.
0.693851828575  -0.002644544700   0.
0.685888588428  -0.002322165295   0.
0.676883518696  -0.001909559127   0.
0.666726291180  -0.001392108854   0.
0.655302107334  -0.000770061277   0.
0.642494380474  -0.000083154067   0.
0.628187656403  0.000628633890   0.
0.612270712852  0.001402704976   0.
0.594641923904  0.002322152257   0.
0.575214207172  0.003485935740   0.
0.553920984268  0.004956056364   0.
0.530723214149  0.006728460081   0.
0.505615055561  0.008800584823   0.
0.478630781174  0.011182688177   0.
0.449850976467  0.013899261132   0.
0.419403910637  0.016953481361   0.
0.387468159199  0.020283333957   0.
0.354271352291  0.023770002648   0.
0.320084631443  0.027300696820   0.
0.285216152668  0.030786508694   0.
0.250000000000  0.034140055999   0.
0.214783608913  0.037265239283   0.
0.179915100336  0.040027679875   0.
0.145728617907  0.042329566553   0.
0.112531602383  0.044106306508   0.
0.080595880747  0.045289518312   0.
0.050148755312  0.045674255118   0.
0.021369040012  0.045565167442   0.
-0.005615025759  0.045049061999   0.
-0.030723154545  0.044227937236   0.
-0.053920954466  0.043105052784   0.
-0.075214192271  0.041716532782   0.
-0.094641923904  0.040102386847   0.
-0.112270653248  0.038308506832   0.
-0.128187656403  0.036397030577   0.
-0.142494395375  0.034417787567   0.
-0.155302055180  0.032409163192   0.
-0.166726164520  0.030401265249   0.
-0.176883496344  0.028417782858   0.
-0.185888551176  0.026477361098   0.
-0.193851776421  0.024594502524   0.
-0.200877770782  0.022780533880   0.
-0.207064595073  0.021044602618   0.
-0.212502930313  0.019392604008   0.
-0.217275988311  0.017827458680   0.
-0.221459524706  0.016349876300   0.
-0.225121967494  0.014959031716   0.
-0.228324977681  0.013652907684   0.
-0.231123568490  0.012428784743   0.
-0.233566915616  0.011283357628   0.
-0.235698589124  0.010213039815   0.
-0.237557273358  0.009214019403   0.
-0.239177062176  0.008282442577   0.
-0.240587995388  0.007414476946   0.
-0.241816538386  0.006606332958   0.
-0.242885876913  0.005854356103   0.
-0.243816396222  0.005154992454   0.
-0.244625828695  0.004504935816   0.
-0.245329849888  0.003900900483   0.
-0.245942020323  0.003339912742   0.
-0.246474260697  0.002819060348   0.
-0.246936912648  0.002335681580   0.
-0.247339036083  0.001887221355   0.
-0.247688498581  0.001471330877   0.
-0.247992154909  0.001085788477   0.
-0.248256025137  0.000728426035   0.
-0.248485264950  0.000397372060   0.
-0.248684434104  0.000090760877   0.
-0.248857466620  -0.000193177722   0.
-0.249007759965  -0.000455957372   0.
-0.249138324172  -0.000699147815   0.
-0.249251722184  -0.000924128806   0.
-0.249350218975  -0.001132229343   0.
-0.249435781618  -0.001324726036   0.
-0.249510108668  -0.001502771862   0.
-0.249574630812  -0.001667305361   0.
-0.249630689068  -0.001819515601   0.
-0.249679386150  -0.001960325404   0.
-0.249721645901  -0.002090410679   0.
-0.249758362406  -0.002210790175   0.
-0.249790250949  -0.002322121058   0.
-0.249817967138  -0.002425248735   0.
-0.249842017656  -0.002520585083   0.
-0.249862879311  -0.002608729410   0.
-0.249881028954  -0.002690499881   0.
-0.249896794405  -0.002766270598   0.
-0.249910473693  -0.002836396452   0.
-0.249922335031  -0.002901243337   0.
-0.249932646650  -0.002961530467   0.
-0.249941617163  -0.003017419949   0.
-0.249949395580  -0.003069319297   0.
-0.249956160718  -0.003117538115   0.
-0.249962031783  -0.003162263776   0.
-0.249967127991  -0.003203743894   0.
-0.249971538740  -0.003242330335   0.
-0.249975383245  -0.003278227232   0.
-0.249978721111  -0.003311657929   0.
-0.249981611940  -0.003342585755   0.
-0.249984145141  -0.003371852654   0.
-0.249986320714  -0.003398752626   0.
-0.249988228065  -0.003424053284   0.
-0.249989867195  -0.003447434603   0.
-0.249991297709  -0.003469402349   0.
-0.249992549408  -0.003490122996   0.
-0.249993622293  -0.003509266913   0.
-0.249994546167  -0.003526977540   0.
-0.249995380633  -0.003544139967   0.
-0.249996066088  -0.003559821882   0.
-0.249996691937  -0.003575194627   0.
-0.249997228380  -0.003589192944   0.
-0.249997705218  -0.003603380188   0.
-0.249998092648  -0.003615722220   0.
-0.249998450277  -0.003628262442   0.
-0.249998748301  -0.003640091360   0.
-0.249999016522  -0.003651554645   0.
-0.249999225138  -0.003662175681   0.
-0.249999433755  -0.003673607040   0.
-0.249999612569  -0.003686185268   0.
-0.249999761581  -0.003697584732   0.
-0.249999880791  -0.003712272839   0.
-0.250000000000  -0.003741940483   0.

201
-0.250000000000  -0.003741940483   0.
-0.249999880791  -0.003771498872   0.
-0.249999761581  -0.003786077723   0.
-0.249999612569  -0.003797340625   0.
-0.249999433755  -0.003809754962   0.
-0.249999225138  -0.003820995138   0.
-0.249999016522  -0.003831424976   0.
-0.249998748301  -0.003842642436   0.
-0.249998450277  -0.003854198214   0.
-0.249998092648  -0.003866410683   0.
-0.249997705218  -0.003878397620   0.
-0.249997228380  -0.003892147870   0.
-0.249996691937  -0.003905654536   0.
-0.249996066088  -0.003920453702   0.
-0.249995380633  -0.003935507382   0.
-0.249994546167  -0.003951905048   0.
-0.249993622293  -0.003968768957   0.
-0.249992549408  -0.003986929572   0.
-0.249991297709  -0.004006503063   0.
-0.249989867195  -0.004027159739   0.
-0.249988228065  -0.004049040930   0.
-0.249986320714  -0.004072605603   0.
-0.249984145141  -0.004097525467   0.
-0.249981611940  -0.004124486761   0.
-0.249978721111  -0.004152783484   0.
-0.249975383245  -0.004183186626   0.
-0.249971538740  -0.004215608380   0.
-0.249967127991  -0.004250207858   0.
-0.249962031783  -0.004287102725   0.
-0.249956160718  -0.004326557566   0.
-0.249949395580  -0.004368729889   0.
-0.249941617163  -0.004413696122   0.
-0.249932646650  -0.004461640725   0.
-0.249922335031  -0.004512842104   0.
-0.249910473693  -0.004567300202   0.
-0.249896794405  -0.004625527246   0.
-0.249881028954  -0.004687694192   0.
-0.249862879311  -0.004753953894   0.
-0.249842017656  -0.004824444535   0.
-0.249817967138  -0.004899664083   0.
-0.249790250949  -0.004979913356   0.
-0.249758362406  -0.005065297359   0.
-0.249721645901  -0.005156294792   0.
-0.249679386150  -0.005253165844   0.
-0.249630689068  -0.005356478039   0.
-0.249574630812  -0.005466473172   0.
-0.249510108668  -0.005583598162   0.
-0.249435781618  -0.005708495388   0.
-0.249350218975  -0.005841582548   0.
-0.249251722184  -0.005983466515   0.
-0.249138324172  -0.006134808296   0.
-0.249007759965  -0.006296325009   0.
-0.248857466620  -0.006468783133   0.
-0.248684434104  -0.006653085118   0.
-0.248485264950  -0.006850107107   0.
-0.248256025137  -0.007060942939   0.
-0.247992154909  -0.007286751177   0.
-0.247688498581  -0.007528728340   0.
-0.247339036083  -0.007788327057   0.
-0.246936912648  -0.008067051880   0.
-0.246474260697  -0.008366547525   0.
-0.245942020323  -0.008688653819   0.
-0.245329849888  -0.009035342373   0.
-0.244625828695  -0.009408834856   0.
-0.243816396222  -0.009811474942   0.
-0.242885876913  -0.010245923884   0.
-0.241816538386  -0.010714989156   0.
-0.240587995388  -0.011221796274   0.
-0.239177062176  -0.011769722216   0.
-0.237557273358  -0.012362446636   0.
-0.235698589124  -0.013003958389   0.
-0.233566915616  -0.013698569499   0.
-0.231123568490  -0.014450954273   0.
-0.228324977681  -0.015266085044   0.
-0.225121967494  -0.016149295494   0.
-0.221459524706  -0.017106165178   0.
-0.217275988311  -0.018142566085   0.
-0.212502930313  -0.019264456816   0.
-0.207064595073  -0.020477795973   0.
-0.200877770782  -0.021788235754   0.
-0.193851776421  -0.023200741038   0.
-0.185888551176  -0.024718185887   0.
-0.176883496344  -0.026339573786   0.
-0.166726164520  -0.028061034158   0.
-0.155302055180  -0.029875192791   0.
-0.142494395375  -0.031769994646   0.
-0.128187656403  -0.033726969734   0.
-0.112270653248  -0.035718942061   0.
-0.094641923904  -0.037706283852   0.
-0.075214192271  -0.039635343477   0.
-0.053920954466  -0.041470712051   0.
-0.030723154545  -0.043200975284   0.
-0.005615025759  -0.044829452410   0.
0.021369040012  -0.046400947496   0.
0.050148755312  -0.047872478142   0.
0.080595880747  -0.049230916426   0.
0.112531602383  -0.050234315917   0.
0.145728617907  -0.051033673808   0.
0.179915100336  -0.051575718448   0.
0.214783608913  -0.051760481670   0.
0.250000000000  -0.051490286365   0.
0.285216152668  -0.050773186609   0.
0.320084631443  -0.049669669941   0.
0.354271352291  -0.048228712752   0.
0.387468159199  -0.046484133229   0.
0.419403910637  -0.044452002272   0.
0.449850976467  -0.042155040428   0.
0.478630781174  -0.039645446464   0.
0.505615055561  -0.037012791261   0.
0.530723214149  -0.034343736246   0.
0.553920984268  -0.031689869240   0.
0.575214207172  -0.029072245583   0.
0.594641923904  -0.026496652514   0.
0.612270712852  -0.024023937061   0.
0.628187656403  -0.021742945537   0.
0.642494380474  -0.019720269367   0.
0.655302107334  -0.017972548492   0.
0.666726291180  -0.016436655074   0.
0.676883518696  -0.015048623085   0.
0.685888588428  -0.013783965260   0.
0.693851828575  -0.012633855455   0.
0.700877785683  -0.011593410745   0.
0.707064628601  -0.010657636449   0.
0.712502956390  -0.009820522740   0.
0.717275977135  -0.009075166192   0.
0.721459507942  -0.008414100856   0.
0.725121974945  -0.007829735987   0.
0.728324890137  -0.007314596325   0.
0.731123566628  -0.006861474365   0.
0.733566939831  -0.006463707890   0.
0.735698580742  -0.006115087774   0.
0.737557232380  -0.005809947848   0.
0.739177048206  -0.005543167004   0.
0.740588009357  -0.005310154520   0.
0.741816580296  -0.005106802913   0.
0.742885887623  -0.004929459421   0.
0.743816435337  -0.004774869885   0.
0.744625866413  -0.004640217056   0.
0.745329856873  -0.004522955627   0.
0.745942056179  -0.004420890124   0.
0.746474266052  -0.004332081415   0.
0.746936917305  -0.004254812433   0.
0.747339069843  -0.004187612969   0.
0.747688472271  -0.004129187379   0.
0.747992157936  -0.004078385216   0.
0.748256027699  -0.004034224257   0.
0.748485267162  -0.003995848354   0.
0.748684465885  -0.003962489267   0.
0.748857438564  -0.003933515865   0.
0.749007761478  -0.003908328523   0.
0.749138295650  -0.003886452658   0.
0.749251723289  -0.003867442778   0.
0.749350249767  -0.003850927482   0.
0.749435782433  -0.003836585405   0.
0.749510109425  -0.003824117266   0.
0.749574601650  -0.003813298841   0.
0.749630689621  -0.003803892425   0.
0.749679386616  -0.003795725348   0.
0.749721646309  -0.003788638904   0.
0.749758362770  -0.003782481406   0.
0.749790251255  -0.003777133228   0.
0.749817967415  -0.003772484815   0.
0.749841988087  -0.003768456187   0.
0.749862849712  -0.003764957082   0.
0.749881029129  -0.003761906370   0.
0.749896824360  -0.003759255589   0.
0.749910473824  -0.003756964913   0.
0.749922335148  -0.003754974327   0.
0.749932646751  -0.003753243815   0.
0.749941647053  -0.003751733370   0.
0.749949395657  -0.003750432987   0.
0.749956190586  -0.003749292651   0.
0.749962031841  -0.003748312362   0.
0.749967157841  -0.003747452109   0.
0.749971568584  -0.003746711891   0.
0.749975383282  -0.003746071702   0.
0.749978721142  -0.003745511537   0.
0.749981582165  -0.003745031395   0.
0.749984145164  -0.003744601268   0.
0.749986350536  -0.003744231159   0.
0.749988257885  -0.003743911065   0.
0.749989867210  -0.003743640985   0.
0.749991297722  -0.003743400914   0.
0.749992549419  -0.003743190852   0.
0.749993622303  -0.003743010799   0.
0.749994575977  -0.003742850752   0.
0.749995410442  -0.003742710711   0.
0.749996066093  -0.003742600678   0.
0.749996721745  -0.003742490646   0.
0.749997198582  -0.003742410622   0.
0.749997675419  -0.003742330599   0.
0.749998092651  -0.003742260578   0.
0.749998450279  -0.003742200560   0.
0.749998748302  -0.003742150546   0.
0.749998986721  -0.003742110533   0.
0.749999225140  -0.003742070522   0.
0.749999463558  -0.003742030510   0.
0.749999582767  -0.003742010504   0.
0.749999761581  -0.003741980495   0.
0.749999880791  -0.003741960489   0.
0.750000000000  -0.003741940483   0.
