201
0.750000000000  -0.057729933411   0.
0.749999880791  -0.057729850680   0.
0.749999761581  -0.057729767950   0.
0.749999582767  -0.057729643855   0.
0.749999463558  -0.057729561124   0.
0.749999225140  -0.057729395663   0.
0.749998986721  -0.057729230203   0.
0.749998748302  -0.057729064743   0.
0.749998450279  -0.057728857917   0.
0.749998092651  -0.057728609725   0.
0.749997675419  -0.057728320169   0.
0.749997198582  -0.057727989248   0.
0.749996721745  -0.057727658325   0.
0.749996066093  -0.057727203310   0.
0.749995410442  -0.057726748294   0.
0.749994575977  -0.057726169181   0.
0.749993622303  -0.057725507337   0.
0.749992549419  -0.057724762763   0.
0.749991297722  -0.057723894095   0.
0.749989867210  -0.057722901332   0.
0.749988257885  -0.057721784471   0.
0.749986350536  -0.057720460785   0.
0.749984145164  -0.057718930273   0.
0.749981582165  -0.057717151572   0.
0.749978721142  -0.057715166044   0.
0.749975383282  -0.057712849593   0.
0.749971568584  -0.057710202222   0.
0.749967157841  -0.057707141197   0.
0.749962031841  -0.057703583792   0.
0.749956190586  -0.057699530005   0.
0.749949395657  -0.057694814375   0.
0.749941647053  -0.057689436901   0.
0.749932646751  -0.057683190760   0.
0.749922335148  -0.057676034587   0.
0.749910473824  -0.057667818459   0.
0.749896824360  -0.057658368212   0.
0.749881029129  -0.057647432346   0.
0.749862849712  -0.057634846227   0.
0.749841988087  -0.057620406864   0.
0.749817967415  -0.057603798879   0.
0.749790251255  -0.057584638198   0.
0.749758362770  -0.057562593589   0.
0.749721646309  -0.057537241679   0.
0.749679386616  -0.057508064085   0.
0.749630689621  -0.057474503672   0.
0.749574601650  -0.057435880852   0.
0.749510109425  -0.057391525130   0.
0.749435782433  -0.057340463041   0.
0.749350249767  -0.057281801215   0.
0.749251723289  -0.057214386587   0.
0.749138295650  -0.057136919408   0.
0.749007761478  -0.057047975482   0.
0.748857438564  -0.056945833378   0.
0.748684465885  -0.056828645058   0.
0.748485267162  -0.056694172788   0.
0.748256027699  -0.056540051242   0.
0.747992157936  -0.056363395881   0.
0.747688472271  -0.056161140790   0.
0.747339069843  -0.055929714814   0.
0.746936917305  -0.055665036663   0.
0.746474266052  -0.055362668820   0.
0.745942056179  -0.055017564911   0.
0.745329856873  -0.054623970762   0.
0.744625866413  -0.054175646044   0.
0.743816435337  -0.053665474989   0.
0.742885887623  -0.053085592575   0.
0.741816580296  -0.052427380346   0.
0.740588009357  -0.051681073382   0.
0.739177048206  -0.050836071838   0.
0.737557232380  -0.049880588427   0.
0.735698580742  -0.048801707104   0.
0.733566939831  -0.047585351393   0.
0.731123566628  -0.046215875074   0.
0.728324890137  -0.044676576741   0.
0.725121974945  -0.042949428782   0.
0.721459507942  -0.041014971212   0.
0.717275977135  -0.038852736354   0.
0.712502956390  -0.036441542208   0.
0.707064628601  -0.033759880811   0.
0.700877785683  -0.030786726624   0.
0.693851828575  -0.027502650395   0.
0.685888588428  -0.023890674114   0.
0.676883518696  -0.019936982542   0.
0.666726291180  -0.015627186745   0.
0.655302107334  -0.010931551456   0.
0.642494380474  -0.005772415549   0.
0.628187656403  -0.000086698681   0.
0.612270712852  0.006119001657   0.
0.594641923904  0.012797061354   0.
0.575214207172  0.019864898175   0.
0.553920984268  0.027207989246   0.
0.530723214149  0.034751649946   0.
0.505615055561  0.042478237301   0.
0.478630781174  0.050271715969   0.
0.449850976467  0.057916332036   0.
0.419403910637  0.065200354904   0.
0.387468159199  0.071937050670   0.
0.354271352291  0.078074421734   0.
0.320084631443  0.083598550409   0.
0.285216152668  0.088485088199   0.
0.250000000000  0.092710267752   0.
0.214783608913  0.096270289272   0.
0.179915100336  0.099151458591   0.
0.145728617907  0.101323317736   0.
0.112531602383  0.102740403265   0.
0.080595880747  0.103342127055   0.
0.050148755312  0.103054326028   0.
0.021369040012  0.101837780327   0.
-0.005615025759  0.099794115871   0.
-0.030723154545  0.097055267543   0.
-0.053920954466  0.093751039356   0.
-0.075214192271  0.089987393469   0.
-0.094641923904  0.085662510246   0.
-0.112270653248  0.080850403756   0.
-0.128187656403  0.076190184802   0.
-0.142494395375  0.071085151285   0.
-0.155302055180  0.065322790295   0.
-0.166726164520  0.059266943485   0.
-0.176883496344  0.053290944546   0.
-0.185888551176  0.047575857490   0.
-0.193851776421  0.042047668248   0.
-0.200877770782  0.036653745919   0.
-0.207064595073  0.031392525882   0.
-0.212502930313  0.026279497892   0.
-0.217275988311  0.021334346384   0.
-0.221459524706  0.016575966030   0.
-0.225121967494  0.012020487338   0.
-0.228324977681  0.007678393275   0.
-0.231123568490  0.003553520888   0.
-0.233566915616  -0.000354457647   0.
-0.235698589124  -0.004048470408   0.
-0.237557273358  -0.007533662021   0.
-0.239177062176  -0.010816458613   0.
-0.240587995388  -0.013904284686   0.
-0.241816538386  -0.016805309802   0.
-0.242885876913  -0.019527953118   0.
-0.243816396222  -0.022081028670   0.
-0.244625828695  -0.024472944438   0.
-0.245329849888  -0.026712587103   0.
-0.245942020323  -0.028808232397   0.
-0.246474260697  -0.030768154189   0.
-0.246936912648  -0.032600164413   0.
-0.247339036083  -0.034311907366   0.
-0.247688498581  -0.035910632461   0.
-0.247992154909  -0.037403129041   0.
-0.248256025137  -0.038796246052   0.
-0.248485264950  -0.040095934644   0.
-0.248684434104  -0.041308300570   0.
-0.248857466620  -0.042438901961   0.
-0.249007759965  -0.043492842466   0.
-0.249138324172  -0.044475247152   0.
-0.249251722184  -0.045390570536   0.
-0.249350218975  -0.046243457124   0.
-0.249435781618  -0.047037953511   0.
-0.249510108668  -0.047778051347   0.
-0.249574630812  -0.048466967419   0.
-0.249630689068  -0.049108603038   0.
-0.249679386150  -0.049706128426   0.
-0.249721645901  -0.050261917524   0.
-0.249758362406  -0.050779479556   0.
-0.249790250949  -0.051261369605   0.
-0.249817967138  -0.051710234489   0.
-0.249842017656  -0.052127600648   0.
-0.249862879311  -0.052515803836   0.
-0.249881028954  -0.052877682261   0.
-0.249896794405  -0.053214873653   0.
-0.249910473693  -0.053528399672   0.
-0.249922335031  -0.053819907829   0.
-0.249932646650  -0.054091557162   0.
-0.249941617163  -0.054345152806   0.
-0.249949395580  -0.054580928991   0.
-0.249956160718  -0.054800989572   0.
-0.249962031783  -0.055005957140   0.
-0.249967127991  -0.055196694098   0.
-0.249971538740  -0.055374321062   0.
-0.249975383245  -0.055540426634   0.
-0.249978721111  -0.055695313029   0.
-0.249981611940  -0.055839528213   0.
-0.249984145141  -0.055975394207   0.
-0.249986320714  -0.056100652786   0.
-0.249988228065  -0.056219398160   0.
-0.249989867195  -0.056328865001   0.
-0.249991297709  -0.056432296056   0.
-0.249992549408  -0.056529475143   0.
-0.249993622293  -0.056619398762   0.
-0.249994546167  -0.056703565875   0.
-0.249995380633  -0.056785842287   0.
-0.249996066088  -0.056858987140   0.
-0.249996691937  -0.056931528845   0.
-0.249997228380  -0.056999200722   0.
-0.249997705218  -0.057064873457   0.
-0.249998092648  -0.057124244515   0.
-0.249998450277  -0.057184663368   0.
-0.249998748301  -0.057240287890   0.
-0.249999016522  -0.057295569801   0.
-0.249999225138  -0.057344884204   0.
-0.249999433755  -0.057401921629   0.
-0.249999612569  -0.057459268603   0.
-0.249999761581  -0.057517315261   0.
-0.249999880791  -0.057579194661   0.
-0.250000000000  -0.057729933411   0.

201
-0.250000000000  -0.057729933411   0.
-0.249999880791  -0.057880412438   0.
-0.249999761581  -0.057942032086   0.
-0.249999612569  -0.057999754092   0.
-0.249999433755  -0.058056711481   0.
-0.249999225138  -0.058113294363   0.
-0.249999016522  -0.058162154222   0.
-0.249998748301  -0.058216851787   0.
-0.249998450277  -0.058271826943   0.
-0.249998092648  -0.058331466629   0.
-0.249997705218  -0.058389993559   0.
-0.249997228380  -0.058454627404   0.
-0.249996691937  -0.058521130471   0.
-0.249996066088  -0.058592308604   0.
-0.249995380633  -0.058663959964   0.
-0.249994546167  -0.058744418202   0.
-0.249993622293  -0.058826572495   0.
-0.249992549408  -0.058914158493   0.
-0.249991297709  -0.059008610435   0.
-0.249989867195  -0.059108924819   0.
-0.249988228065  -0.059214842157   0.
-0.249986320714  -0.059329466429   0.
-0.249984145141  -0.059450024390   0.
-0.249981611940  -0.059580417001   0.
-0.249978721111  -0.059718386270   0.
-0.249975383245  -0.059866120107   0.
-0.249971538740  -0.060023986734   0.
-0.249967127991  -0.060192175675   0.
-0.249962031783  -0.060372079955   0.
-0.249956160718  -0.060564581305   0.
-0.249949395580  -0.060770375887   0.
-0.249941617163  -0.060989819933   0.
-0.249932646650  -0.061224680627   0.
-0.249922335031  -0.061474938877   0.
-0.249910473693  -0.061742032412   0.
-0.249896794405  -0.062027640175   0.
-0.249881028954  -0.062332944945   0.
-0.249862879311  -0.062658485025   0.
-0.249842017656  -0.063005401753   0.
-0.249817967138  -0.063375778031   0.
-0.249790250949  -0.063771231566   0.
-0.249758362406  -0.064192626625   0.
-0.249721645901  -0.064641661942   0.
-0.249679386150  -0.065119993873   0.
-0.249630689068  -0.065629965626   0.
-0.249574630812  -0.066172903404   0.
-0.249510108668  -0.066750688478   0.
-0.249435781618  -0.067365741357   0.
-0.249350218975  -0.068019790575   0.
-0.249251722184  -0.068715099245   0.
-0.249138324172  -0.069453812204   0.
-0.249007759965  -0.070238405839   0.
-0.248857466620  -0.071071028709   0.
-0.248684434104  -0.071954124607   0.
-0.248485264950  -0.072889932431   0.
-0.248256025137  -0.073880709708   0.
-0.247992154909  -0.074928857386   0.
-0.247688498581  -0.076036274433   0.
-0.247339036083  -0.077205149457   0.
-0.246936912648  -0.078437134624   0.
-0.246474260697  -0.079733697698   0.
-0.245942020323  -0.081095986068   0.
-0.245329849888  -0.082524595782   0.
-0.244625828695  -0.084019668400   0.
-0.243816396222  -0.085580501705   0.
-0.242885876913  -0.087205830961   0.
-0.241816538386  -0.088892998174   0.
-0.240587995388  -0.090638440102   0.
-0.239177062176  -0.092437025160   0.
-0.237557273358  -0.094282023609   0.
-0.235698589124  -0.096164699644   0.
-0.233566915616  -0.098074037582   0.
-0.231123568490  -0.099996481091   0.
-0.228324977681  -0.101915370673   0.
-0.225121967494  -0.103810656816   0.
-0.221459524706  -0.105658050627   0.
-0.217275988311  -0.107426986098   0.
-0.212502930313  -0.109082888812   0.
-0.207064595073  -0.110591366887   0.
-0.200877770782  -0.111922245473   0.
-0.193851776421  -0.113057296723   0.
-0.185888551176  -0.114006746560   0.
-0.176883496344  -0.114848468453   0.
-0.166726164520  -0.115694742650   0.
-0.155302055180  -0.116381403059   0.
-0.142494395375  -0.116546425968   0.
-0.128187656403  -0.115840338171   0.
-0.112270653248  -0.114492610097   0.
-0.094641923904  -0.113119270653   0.
-0.075214192271  -0.111101884395   0.
-0.053920954466  -0.108387548476   0.
-0.030723154545  -0.105097759515   0.
-0.005615025759  -0.101172219962   0.
0.021369040012  -0.096593171358   0.
0.050148755312  -0.091362912208   0.
0.080595880747  -0.085524816066   0.
0.112531602383  -0.079267542809   0.
0.145728617907  -0.072811860591   0.
0.179915100336  -0.066362474114   0.
0.214783608913  -0.060114499182   0.
0.250000000000  -0.054254684597   0.
0.285216152668  -0.048961531371   0.
0.320084631443  -0.044378045946   0.
0.354271352291  -0.040595319122   0.
0.387468159199  -0.037690464407   0.
0.419403910637  -0.035736445338   0.
0.449850976467  -0.034752827138   0.
0.478630781174  -0.034607931972   0.
0.505615055561  -0.035128857940   0.
0.530723214149  -0.036123491824   0.
0.553920984268  -0.037484798580   0.
0.575214207172  -0.039175484329   0.
0.594641923904  -0.041069244966   0.
0.612270712852  -0.043003734201   0.
0.628187656403  -0.044855315238   0.
0.642494380474  -0.046540798619   0.
0.655302107334  -0.048022404313   0.
0.666726291180  -0.049336129799   0.
0.676883518696  -0.050535684451   0.
0.685888588428  -0.051629506052   0.
0.693851828575  -0.052613003179   0.
0.700877785683  -0.053483072668   0.
0.707064628601  -0.054241197184   0.
0.712502956390  -0.054892865010   0.
0.717275977135  -0.055446090177   0.
0.721459507942  -0.055910497438   0.
0.725121974945  -0.056296264287   0.
0.728324890137  -0.056613467634   0.
0.731123566628  -0.056871693116   0.
0.733566939831  -0.057079823688   0.
0.735698580742  -0.057245881762   0.
0.737557232380  -0.057376960758   0.
0.739177048206  -0.057479310315   0.
0.740588009357  -0.057558253175   0.
0.741816580296  -0.057618336519   0.
0.742885887623  -0.057663358981   0.
0.743816435337  -0.057696552714   0.
0.744625866413  -0.057720431709   0.
0.745329856873  -0.057737210998   0.
0.745942056179  -0.057748456951   0.
0.746474266052  -0.057755627786   0.
0.746936917305  -0.057759787305   0.
0.747339069843  -0.057761718519   0.
0.747688472271  -0.057762080105   0.
0.747992157936  -0.057761391741   0.
0.748256027699  -0.057759962569   0.
0.748485267162  -0.057758094510   0.
0.748684465885  -0.057756004680   0.
0.748857438564  -0.057753785688   0.
0.749007761478  -0.057751575223   0.
0.749138295650  -0.057749439846   0.
0.749251723289  -0.057747416140   0.
0.749350249767  -0.057745546248   0.
0.749435782433  -0.057743804617   0.
0.749510109425  -0.057742215999   0.
0.749574601650  -0.057740792137   0.
0.749630689621  -0.057739500073   0.
0.749679386616  -0.057738347816   0.
0.749721646309  -0.057737294337   0.
0.749758362770  -0.057736380593   0.
0.749790251255  -0.057735561524   0.
0.749817967415  -0.057734849182   0.
0.749841988087  -0.057734229795   0.
0.749862849712  -0.057733676280   0.
0.749881029129  -0.057733197173   0.
0.749896824360  -0.057732781283   0.
0.749910473824  -0.057732421894   0.
0.749922335148  -0.057732105679   0.
0.749932646751  -0.057731817265   0.
0.749941647053  -0.057731565530   0.
0.749949395657  -0.057731348803   0.
0.749956190586  -0.057731158749   0.
0.749962031841  -0.057730995370   0.
0.749967157841  -0.057730851998   0.
0.749971568584  -0.057730728629   0.
0.749975383282  -0.057730621934   0.
0.749978721142  -0.057730528575   0.
0.749981582165  -0.057730448554   0.
0.749984145164  -0.057730376866   0.
0.749986350536  -0.057730315182   0.
0.749988257885  -0.057730261834   0.
0.749989867210  -0.057730216823   0.
0.749991297722  -0.057730176811   0.
0.749992549419  -0.057730141802   0.
0.749993622303  -0.057730111795   0.
0.749994575977  -0.057730085120   0.
0.749995410442  -0.057730061780   0.
0.749996066093  -0.057730043443   0.
0.749996721745  -0.057730025103   0.
0.749997198582  -0.057730011766   0.
0.749997675419  -0.057729998428   0.
0.749998092651  -0.057729986758   0.
0.749998450279  -0.057729976757   0.
0.749998748302  -0.057729968420   0.
0.749998986721  -0.057729961753   0.
0.749999225140  -0.057729955082   0.
0.749999463558  -0.057729948415   0.
0.749999582767  -0.057729945080   0.
0.749999761581  -0.057729940078   0.
0.749999880791  -0.057729936745   0.
0.750000000000  -0.057729933411   0.
