201
0.750000000000  -0.037090394646   0.
0.749999880791  -0.037090386552   0.
0.749999761581  -0.037090378459   0.
0.749999582767  -0.037090366318   0.
0.749999463558  -0.037090358224   0.
0.749999225140  -0.037090342037   0.
0.749998986721  -0.037090325849   0.
0.749998748302  -0.037090309662   0.
0.749998450279  -0.037090289427   0.
0.749998092651  -0.037090265146   0.
0.749997675419  -0.037090236818   0.
0.749997198582  -0.037090204443   0.
0.749996721745  -0.037090172068   0.
0.749996066093  -0.037090127552   0.
0.749995410442  -0.037090083037   0.
0.749994575977  -0.037090026380   0.
0.749993622303  -0.037089961630   0.
0.749992549419  -0.037089888787   0.
0.749991297722  -0.037089803802   0.
0.749989867210  -0.037089706677   0.
0.749988257885  -0.037089597412   0.
0.749986350536  -0.037089467912   0.
0.749984145164  -0.037089318178   0.
0.749981582165  -0.037089144162   0.
0.749978721142  -0.037088949912   0.
0.749975383282  -0.037088723287   0.
0.749971568584  -0.037088464287   0.
0.749967157841  -0.037088164818   0.
0.749962031841  -0.037087816787   0.
0.749956190586  -0.037087420194   0.
0.749949395657  -0.037086958850   0.
0.749941647053  -0.037086432756   0.
0.749932646751  -0.037085821678   0.
0.749922335148  -0.037085121569   0.
0.749910473824  -0.037084316240   0.
0.749896824360  -0.037083389507   0.
0.749881029129  -0.037082317084   0.
0.749862849712  -0.037081082743   0.
0.749841988087  -0.037079665905   0.
0.749817967415  -0.037078034518   0.
0.749790251255  -0.037076150811   0.
0.749758362770  -0.037073982634   0.
0.749721646309  -0.037071485965   0.
0.749679386616  -0.037068611509   0.
0.749630689621  -0.037065299195   0.
0.749574601650  -0.037061480140   0.
0.749510109425  -0.037057085727   0.
0.749435782433  -0.037052020718   0.
0.749350249767  -0.037046181715   0.
0.749251723289  -0.037039452134   0.
0.749138295650  -0.037031694923   0.
0.749007761478  -0.037022759701   0.
0.748857438564  -0.037012457542   0.
0.748684465885  -0.037000579789   0.
0.748485267162  -0.036986877407   0.
0.748256027699  -0.036971077250   0.
0.747992157936  -0.036952842871   0.
0.747688472271  -0.036931800307   0.
0.747339069843  -0.036907511516   0.
0.746936917305  -0.036879449937   0.
0.746474266052  -0.036847033567   0.
0.745942056179  -0.036809566023   0.
0.745329856873  -0.036766223056   0.
0.744625866413  -0.036716070230   0.
0.743816435337  -0.036657977995   0.
0.742885887623  -0.036590648058   0.
0.741816580296  -0.036512542516   0.
0.740588009357  -0.036421840312   0.
0.739177048206  -0.036316392012   0.
0.737557232380  -0.036193650973   0.
0.735698580742  -0.036050593713   0.
0.733566939831  -0.035883591743   0.
0.731123566628  -0.035688318079   0.
0.728324890137  -0.035459581064   0.
0.725121974945  -0.035191152710   0.
0.721459507942  -0.034875499085   0.
0.717275977135  -0.034503536299   0.
0.712502956390  -0.034064297099   0.
0.707064628601  -0.033544527600   0.
0.700877785683  -0.032928225119   0.
0.693851828575  -0.032196212560   0.
0.685888588428  -0.031325646676   0.
0.676883518696  -0.030289783143   0.
0.666726291180  -0.029058304615   0.
0.655302107334  -0.027598781511   0.
0.642494380474  -0.025881143287   0.
0.628187656403  -0.023883894086   0.
0.612270712852  -0.021562412381   0.
0.594641923904  -0.018829373643   0.
0.575214207172  -0.015561174601   0.
0.553920984268  -0.011623635888   0.
0.530723214149  -0.006971377879   0.
0.505615055561  -0.001703236252   0.
0.478630781174  0.003956627101   0.
0.449850976467  0.009700108320   0.
0.419403910637  0.015292454511   0.
0.387468159199  0.020698200911   0.
0.354271352291  0.025903027505   0.
0.320084631443  0.030768778175   0.
0.285216152668  0.035069953650   0.
0.250000000000  0.038642052561   0.
0.214783608913  0.041402917355   0.
0.179915100336  0.043282780796   0.
0.145728617907  0.044208612293   0.
0.112531602383  0.044060643762   0.
0.080595880747  0.043122675270   0.
0.050148755312  0.041352014989   0.
0.021369040012  0.038976792246   0.
-0.005615025759  0.036127518862   0.
-0.030723154545  0.032905083150   0.
-0.053920954466  0.029396038502   0.
-0.075214192271  0.025675442070   0.
-0.094641923904  0.021829407662   0.
-0.112270653248  0.017947308719   0.
-0.128187656403  0.014100182801   0.
-0.142494395375  0.010342825204   0.
-0.155302055180  0.006716165692   0.
-0.166726164520  0.003249686211   0.
-0.176883496344  -0.000036749989   0.
-0.185888551176  -0.003131020814   0.
-0.193851776421  -0.006027093157   0.
-0.200877770782  -0.008720856160   0.
-0.207064595073  -0.011210925877   0.
-0.212502930313  -0.013501446694   0.
-0.217275988311  -0.015600401908   0.
-0.221459524706  -0.017518136650   0.
-0.225121967494  -0.019266273826   0.
-0.228324977681  -0.020857071504   0.
-0.231123568490  -0.022302775644   0.
-0.233566915616  -0.023615427315   0.
-0.235698589124  -0.024806503206   0.
-0.237557273358  -0.025886908174   0.
-0.239177062176  -0.026866769418   0.
-0.240587995388  -0.027755467221   0.
-0.241816538386  -0.028561651707   0.
-0.242885876913  -0.029293214902   0.
-0.243816396222  -0.029957361519   0.
-0.244625828695  -0.030560576357   0.
-0.245329849888  -0.031108823605   0.
-0.245942020323  -0.031607412733   0.
-0.246474260697  -0.032061174046   0.
-0.246936912648  -0.032474429347   0.
-0.247339036083  -0.032851087861   0.
-0.247688498581  -0.033194663469   0.
-0.247992154909  -0.033508286811   0.
-0.248256025137  -0.033794838004   0.
-0.248485264950  -0.034056821372   0.
-0.248684434104  -0.034296574071   0.
-0.248857466620  -0.034516158514   0.
-0.249007759965  -0.034717369359   0.
-0.249138324172  -0.034901943058   0.
-0.249251722184  -0.035071325256   0.
-0.249350218975  -0.035226922482   0.
-0.249435781618  -0.035369941615   0.
-0.249510108668  -0.035501518403   0.
-0.249574630812  -0.035622534109   0.
-0.249630689068  -0.035734023550   0.
-0.249679386150  -0.035836744821   0.
-0.249721645901  -0.035931379651   0.
-0.249758362406  -0.036018723156   0.
-0.249790250949  -0.036099275807   0.
-0.249817967138  -0.036173721950   0.
-0.249842017656  -0.036242431495   0.
-0.249862879311  -0.036305829824   0.
-0.249881028954  -0.036364515894   0.
-0.249896794405  -0.036418775504   0.
-0.249910473693  -0.036468912207   0.
-0.249922335031  -0.036515187239   0.
-0.249932646650  -0.036558082793   0.
-0.249941617163  -0.036597786995   0.
-0.249949395580  -0.036634512566   0.
-0.249956160718  -0.036668569432   0.
-0.249962031783  -0.036700066470   0.
-0.249967127991  -0.036729290499   0.
-0.249971538740  -0.036756226968   0.
-0.249975383245  -0.036781241914   0.
-0.249978721111  -0.036804480420   0.
-0.249981611940  -0.036825968884   0.
-0.249984145141  -0.036846027302   0.
-0.249986320714  -0.036864417998   0.
-0.249988228065  -0.036881744672   0.
-0.249989867195  -0.036897664191   0.
-0.249991297709  -0.036912509080   0.
-0.249992549408  -0.036926497472   0.
-0.249993622293  -0.036939424841   0.
-0.249994546167  -0.036951355345   0.
-0.249995380633  -0.036962901504   0.
-0.249996066088  -0.036973017843   0.
-0.249996691937  -0.036983298087   0.
-0.249997228380  -0.036992665606   0.
-0.249997705218  -0.037001700766   0.
-0.249998092648  -0.037009946915   0.
-0.249998450277  -0.037017879571   0.
-0.249998748301  -0.037025731988   0.
-0.249999016522  -0.037032928303   0.
-0.249999225138  -0.037039967185   0.
-0.249999433755  -0.037047088212   0.
-0.249999612569  -0.037055289700   0.
-0.249999761581  -0.037062480265   0.
-0.249999880791  -0.037071774268   0.
-0.250000000000  -0.037090394646   0.

201
-0.250000000000  -0.037090394646   0.
-0.249999880791  -0.037108733375   0.
-0.249999761581  -0.037117745729   0.
-0.249999612569  -0.037124584233   0.
-0.249999433755  -0.037132363250   0.
-0.249999225138  -0.037138991396   0.
-0.249999016522  -0.037145537390   0.
-0.249998748301  -0.037152099991   0.
-0.249998450277  -0.037159248299   0.
-0.249998092648  -0.037166335998   0.
-0.249997705218  -0.037173666802   0.
-0.249997228380  -0.037181589658   0.
-0.249996691937  -0.037189732429   0.
-0.249996066088  -0.037198583806   0.
-0.249995380633  -0.037207135181   0.
-0.249994546167  -0.037216787459   0.
-0.249993622293  -0.037226676126   0.
-0.249992549408  -0.037237232318   0.
-0.249991297709  -0.037248493332   0.
-0.249989867195  -0.037260272831   0.
-0.249988228065  -0.037272724105   0.
-0.249986320714  -0.037286082093   0.
-0.249984145141  -0.037300046199   0.
-0.249981611940  -0.037315038615   0.
-0.249978721111  -0.037330868596   0.
-0.249975383245  -0.037347729347   0.
-0.249971538740  -0.037365585333   0.
-0.249967127991  -0.037384523835   0.
-0.249962031783  -0.037404751871   0.
-0.249956160718  -0.037426197785   0.
-0.249949395580  -0.037449013471   0.
-0.249941617163  -0.037473238714   0.
-0.249932646650  -0.037498986901   0.
-0.249922335031  -0.037526370288   0.
-0.249910473693  -0.037555411749   0.
-0.249896794405  -0.037586366117   0.
-0.249881028954  -0.037619289244   0.
-0.249862879311  -0.037654275249   0.
-0.249842017656  -0.037691388978   0.
-0.249817967138  -0.037730873970   0.
-0.249790250949  -0.037772817479   0.
-0.249758362406  -0.037817279983   0.
-0.249721645901  -0.037864490063   0.
-0.249679386150  -0.037914509478   0.
-0.249630689068  -0.037967535551   0.
-0.249574630812  -0.038023683417   0.
-0.249510108668  -0.038083045627   0.
-0.249435781618  -0.038145822356   0.
-0.249350218975  -0.038212050917   0.
-0.249251722184  -0.038281878224   0.
-0.249138324172  -0.038355353870   0.
-0.249007759965  -0.038432597648   0.
-0.248857466620  -0.038513614796   0.
-0.248684434104  -0.038598451298   0.
-0.248485264950  -0.038687055465   0.
-0.248256025137  -0.038779354654   0.
-0.247992154909  -0.038875245373   0.
-0.247688498581  -0.038974525523   0.
-0.247339036083  -0.039076941786   0.
-0.246936912648  -0.039182118606   0.
-0.246474260697  -0.039289600682   0.
-0.245942020323  -0.039398798021   0.
-0.245329849888  -0.039508982562   0.
-0.244625828695  -0.039619255112   0.
-0.243816396222  -0.039728537435   0.
-0.242885876913  -0.039835541509   0.
-0.241816538386  -0.039938741829   0.
-0.240587995388  -0.040036340244   0.
-0.239177062176  -0.040126268286   0.
-0.237557273358  -0.040206138045   0.
-0.235698589124  -0.040273236576   0.
-0.233566915616  -0.040324507281   0.
-0.231123568490  -0.040356575511   0.
-0.228324977681  -0.040365744382   0.
-0.225121967494  -0.040348066948   0.
-0.221459524706  -0.040299442597   0.
-0.217275988311  -0.040215769783   0.
-0.212502930313  -0.040093194693   0.
-0.207064595073  -0.039928495884   0.
-0.200877770782  -0.039719615132   0.
-0.193851776421  -0.039466502145   0.
-0.185888551176  -0.039171991870   0.
-0.176883496344  -0.038840355352   0.
-0.166726164520  -0.038478009403   0.
-0.155302055180  -0.038094652817   0.
-0.142494395375  -0.037703664973   0.
-0.128187656403  -0.037322577089   0.
-0.112270653248  -0.036973204464   0.
-0.094641923904  -0.036681402475   0.
-0.075214192271  -0.036475945264   0.
-0.053920954466  -0.036384798586   0.
-0.030723154545  -0.036427784711   0.
-0.005615025759  -0.036634676158   0.
0.021369040012  -0.037046711892   0.
0.050148755312  -0.037719137967   0.
0.080595880747  -0.038714289665   0.
0.112531602383  -0.040030412376   0.
0.145728617907  -0.041822068393   0.
0.179915100336  -0.043793853372   0.
0.214783608913  -0.045975569636   0.
0.250000000000  -0.048269357532   0.
0.285216152668  -0.050509335473   0.
0.320084631443  -0.052503872663   0.
0.354271352291  -0.054101057351   0.
0.387468159199  -0.055169794708   0.
0.419403910637  -0.055611874908   0.
0.449850976467  -0.055384408683   0.
0.478630781174  -0.054492708296   0.
0.505615055561  -0.053145131096   0.
0.530723214149  -0.051578342915   0.
0.553920984268  -0.049947738647   0.
0.575214207172  -0.048311874270   0.
0.594641923904  -0.046728661284   0.
0.612270712852  -0.045285625383   0.
0.628187656403  -0.044038150925   0.
0.642494380474  -0.042999793310   0.
0.655302107334  -0.042143373284   0.
0.666726291180  -0.041424314957   0.
0.676883518696  -0.040813590633   0.
0.685888588428  -0.040291909827   0.
0.693851828575  -0.039845135529   0.
0.700877785683  -0.039462033194   0.
0.707064628601  -0.039133322658   0.
0.712502956390  -0.038851151709   0.
0.717275977135  -0.038608810399   0.
0.721459507942  -0.038400565856   0.
0.725121974945  -0.038221518975   0.
0.728324890137  -0.038067474961   0.
0.731123566628  -0.037934846943   0.
0.733566939831  -0.037820578727   0.
0.735698580742  -0.037722060340   0.
0.737557232380  -0.037637070811   0.
0.739177048206  -0.037563691410   0.
0.740588009357  -0.037500302977   0.
0.741816580296  -0.037445515394   0.
0.742885887623  -0.037398138113   0.
0.743816435337  -0.037357148627   0.
0.744625866413  -0.037321665586   0.
0.745329856873  -0.037290949869   0.
0.745942056179  -0.037264336366   0.
0.746474266052  -0.037241282320   0.
0.746936917305  -0.037221300503   0.
0.747339069843  -0.037203971398   0.
0.747688472271  -0.037188953545   0.
0.747992157936  -0.037175927202   0.
0.748256027699  -0.037164626119   0.
0.748485267162  -0.037154823171   0.
0.748684465885  -0.037146317689   0.
0.748857438564  -0.037138936212   0.
0.749007761478  -0.037132532285   0.
0.749138295650  -0.037126975509   0.
0.749251723289  -0.037122147198   0.
0.749350249767  -0.037117957167   0.
0.749435782433  -0.037114319883   0.
0.749510109425  -0.037111166299   0.
0.749574601650  -0.037108429591   0.
0.749630689621  -0.037106049142   0.
0.749679386616  -0.037103984315   0.
0.749721646309  -0.037102192437   0.
0.749758362770  -0.037100634859   0.
0.749790251255  -0.037099281899   0.
0.749817967415  -0.037098106746   0.
0.749841988087  -0.037097089441   0.
0.749862849712  -0.037096205925   0.
0.749881029129  -0.037095435674   0.
0.749896824360  -0.037094766399   0.
0.749910473824  -0.037094188044   0.
0.749922335148  -0.037093685457   0.
0.749932646751  -0.037093248534   0.
0.749941647053  -0.037092867174   0.
0.749949395657  -0.037092538851   0.
0.749956190586  -0.037092250936   0.
0.749962031841  -0.037092003430   0.
0.749967157841  -0.037091786232   0.
0.749971568584  -0.037091599340   0.
0.749975383282  -0.037091437704   0.
0.749978721142  -0.037091296272   0.
0.749981582165  -0.037091175045   0.
0.749984145164  -0.037091066446   0.
0.749986350536  -0.037090973000   0.
0.749988257885  -0.037090892182   0.
0.749989867210  -0.037090823992   0.
0.749991297722  -0.037090763378   0.
0.749992549419  -0.037090710341   0.
0.749993622303  -0.037090664881   0.
0.749994575977  -0.037090624472   0.
0.749995410442  -0.037090589114   0.
0.749996066093  -0.037090561333   0.
0.749996721745  -0.037090533552   0.
0.749997198582  -0.037090513347   0.
0.749997675419  -0.037090493143   0.
0.749998092651  -0.037090475464   0.
0.749998450279  -0.037090460310   0.
0.749998748302  -0.037090447683   0.
0.749998986721  -0.037090437581   0.
0.749999225140  -0.037090427478   0.
0.749999463558  -0.037090417376   0.
0.749999582767  -0.037090412325   0.
0.749999761581  -0.037090404748   0.
0.749999880791  -0.037090399697   0.
0.750000000000  -0.037090394646   0.
