201
0.750000000000  -0.051052857190   0.
0.749999880791  -0.051052793818   0.
0.749999761581  -0.051052730448   0.
0.749999582767  -0.051052635391   0.
0.749999463558  -0.051052572019   0.
0.749999225140  -0.051052445276   0.
0.749998986721  -0.051052318536   0.
0.749998748302  -0.051052191792   0.
0.749998450279  -0.051052033365   0.
0.749998092651  -0.051051843250   0.
0.749997675419  -0.051051621451   0.
0.749997198582  -0.051051367966   0.
0.749996721745  -0.051051114481   0.
0.749996066093  -0.051050765940   0.
0.749995410442  -0.051050417398   0.
0.749994575977  -0.051049973800   0.
0.749993622303  -0.051049466830   0.
0.749992549419  -0.051048896488   0.
0.749991297722  -0.051048231091   0.
0.749989867210  -0.051047470636   0.
0.749988257885  -0.051046615124   0.
0.749986350536  -0.051045601183   0.
0.749984145164  -0.051044428815   0.
0.749981582165  -0.051043066335   0.
0.749978721142  -0.051041545425   0.
0.749975383282  -0.051039771031   0.
0.749971568584  -0.051037743150   0.
0.749967157841  -0.051035398414   0.
0.749962031841  -0.051032673451   0.
0.749956190586  -0.051029568262   0.
0.749949395657  -0.051025956102   0.
0.749941647053  -0.051021836971   0.
0.749932646751  -0.051017052443   0.
0.749922335148  -0.051011570831   0.
0.749910473824  -0.051005265392   0.
0.749896824360  -0.050998009388   0.
0.749881029129  -0.050989612697   0.
0.749862849712  -0.050979949105   0.
0.749841988087  -0.050968864554   0.
0.749817967415  -0.050956102525   0.
0.749790251255  -0.050941377114   0.
0.749758362770  -0.050924434967   0.
0.749721646309  -0.050904929754   0.
0.749679386616  -0.050882488707   0.
0.749630689621  -0.050856631045   0.
0.749574601650  -0.050826847786   0.
0.749510109425  -0.050792590016   0.
0.749435782433  -0.050753103511   0.
0.749350249767  -0.050707680843   0.
0.749251723289  -0.050655390805   0.
0.749138295650  -0.050595201494   0.
0.749007761478  -0.050525927451   0.
0.748857438564  -0.050446178997   0.
0.748684465885  -0.050354476087   0.
0.748485267162  -0.050248876214   0.
0.748256027699  -0.050127419061   0.
0.747992157936  -0.049987665843   0.
0.747688472271  -0.049826927134   0.
0.747339069843  -0.049642102676   0.
0.746936917305  -0.049429542385   0.
0.746474266052  -0.049185200362   0.
0.745942056179  -0.048904429656   0.
0.745329856873  -0.048581847688   0.
0.744625866413  -0.048211352900   0.
0.743816435337  -0.047786074691   0.
0.742885887623  -0.047298006946   0.
0.741816580296  -0.046738364734   0.
0.740588009357  -0.046096958220   0.
0.739177048206  -0.045362427831   0.
0.737557232380  -0.044521959499   0.
0.735698580742  -0.043561316095   0.
0.733566939831  -0.042464587837   0.
0.731123566628  -0.041214235127   0.
0.728324890137  -0.039791088551   0.
0.725121974945  -0.038174503483   0.
0.721459507942  -0.036342302337   0.
0.717275977135  -0.034271448851   0.
0.712502956390  -0.031938605011   0.
0.707064628601  -0.029320739210   0.
0.700877785683  -0.026396868750   0.
0.693851828575  -0.023149564862   0.
0.685888588428  -0.019566576928   0.
0.676883518696  -0.015642311424   0.
0.666726291180  -0.011375069618   0.
0.655302107334  -0.006753861904   0.
0.642494380474  -0.001720983535   0.
0.628187656403  0.003824871033   0.
0.612270712852  0.009900160134   0.
0.594641923904  0.016487848014   0.
0.575214207172  0.023561310023   0.
0.553920984268  0.031083699316   0.
0.530723214149  0.038962464780   0.
0.505615055561  0.047116365284   0.
0.478630781174  0.055482868105   0.
0.449850976467  0.063934948295   0.
0.419403910637  0.072301622480   0.
0.387468159199  0.080395650119   0.
0.354271352291  0.088016133755   0.
0.320084631443  0.095000635833   0.
0.285216152668  0.101189892739   0.
0.250000000000  0.106381218880   0.
0.214783608913  0.110312353820   0.
0.179915100336  0.112655352801   0.
0.145728617907  0.113234978169   0.
0.112531602383  0.112140711397   0.
0.080595880747  0.109775211662   0.
0.050148755312  0.106278609484   0.
0.021369040012  0.101428922266   0.
-0.005615025759  0.095668535680   0.
-0.030723154545  0.089516352862   0.
-0.053920954466  0.083032112569   0.
-0.075214192271  0.076204236597   0.
-0.094641923904  0.069094900042   0.
-0.112270653248  0.061794254929   0.
-0.128187656403  0.054446112365   0.
-0.142494395375  0.047186646610   0.
-0.155302055180  0.040120039135   0.
-0.166726164520  0.033324424177   0.
-0.176883496344  0.026856016368   0.
-0.185888551176  0.020753119141   0.
-0.193851776421  0.015038978308   0.
-0.200877770782  0.009721968323   0.
-0.207064595073  0.004796829075   0.
-0.212502930313  0.000250268728   0.
-0.217275988311  -0.003935895860   0.
-0.221459524706  -0.007782701403   0.
-0.225121967494  -0.011312428862   0.
-0.228324977681  -0.014547880739   0.
-0.231123568490  -0.017511300743   0.
-0.233566915616  -0.020224351436   0.
-0.235698589124  -0.022707516328   0.
-0.237557273358  -0.024980166927   0.
-0.239177062176  -0.027060311288   0.
-0.240587995388  -0.028964592144   0.
-0.241816538386  -0.030708452687   0.
-0.242885876913  -0.032305967063   0.
-0.243816396222  -0.033770117909   0.
-0.244625828695  -0.035112569109   0.
-0.245329849888  -0.036344215274   0.
-0.245942020323  -0.037474759854   0.
-0.246474260697  -0.038513168693   0.
-0.246936912648  -0.039467405528   0.
-0.247339036083  -0.040344882756   0.
-0.247688498581  -0.041152216494   0.
-0.247992154909  -0.041895417497   0.
-0.248256025137  -0.042580077425   0.
-0.248485264950  -0.043211050332   0.
-0.248684434104  -0.043792916927   0.
-0.248857466620  -0.044329876080   0.
-0.249007759965  -0.044825483114   0.
-0.249138324172  -0.045283273794   0.
-0.249251722184  -0.045706255361   0.
-0.249350218975  -0.046097336803   0.
-0.249435781618  -0.046459054574   0.
-0.249510108668  -0.046793876216   0.
-0.249574630812  -0.047103601042   0.
-0.249630689068  -0.047390590422   0.
-0.249679386150  -0.047656464623   0.
-0.249721645901  -0.047902673716   0.
-0.249758362406  -0.048131006770   0.
-0.249790250949  -0.048342745984   0.
-0.249817967138  -0.048539354466   0.
-0.249842017656  -0.048721549800   0.
-0.249862879311  -0.048890557606   0.
-0.249881028954  -0.049047655426   0.
-0.249896794405  -0.049193569692   0.
-0.249910473693  -0.049328902038   0.
-0.249922335031  -0.049454631750   0.
-0.249932646650  -0.049571361742   0.
-0.249941617163  -0.049680038122   0.
-0.249949395580  -0.049780961359   0.
-0.249956160718  -0.049874994671   0.
-0.249962031783  -0.049962379737   0.
-0.249967127991  -0.050043525174   0.
-0.249971538740  -0.050118759973   0.
-0.249975383245  -0.050188946538   0.
-0.249978721111  -0.050254360831   0.
-0.249981611940  -0.050314947090   0.
-0.249984145141  -0.050371759338   0.
-0.249986320714  -0.050424083718   0.
-0.249988228065  -0.050473326119   0.
-0.249989867195  -0.050518811971   0.
-0.249991297709  -0.050561444368   0.
-0.249992549408  -0.050601462659   0.
-0.249993622293  -0.050638367102   0.
-0.249994546167  -0.050672181213   0.
-0.249995380633  -0.050705106376   0.
-0.249996066088  -0.050734771270   0.
-0.249996691937  -0.050763097126   0.
-0.249997228380  -0.050790158450   0.
-0.249997705218  -0.050815878625   0.
-0.249998092648  -0.050838465919   0.
-0.249998450277  -0.050861647993   0.
-0.249998748301  -0.050882411815   0.
-0.249999016522  -0.050903338852   0.
-0.249999225138  -0.050921608185   0.
-0.249999433755  -0.050941790076   0.
-0.249999612569  -0.050962876252   0.
-0.249999761581  -0.050983335706   0.
-0.249999880791  -0.051005790632   0.
-0.250000000000  -0.051052857190   0.

201
-0.250000000000  -0.051052857190   0.
-0.249999880791  -0.051097058142   0.
-0.249999761581  -0.051116647461   0.
-0.249999612569  -0.051133524903   0.
-0.249999433755  -0.051150312662   0.
-0.249999225138  -0.051165479730   0.
-0.249999016522  -0.051178800641   0.
-0.249998748301  -0.051193971667   0.
-0.249998450277  -0.051208339923   0.
-0.249998092648  -0.051223847287   0.
-0.249997705218  -0.051238661646   0.
-0.249997228380  -0.051255135390   0.
-0.249996691937  -0.051271933480   0.
-0.249996066088  -0.051289185270   0.
-0.249995380633  -0.051306838548   0.
-0.249994546167  -0.051326180488   0.
-0.249993622293  -0.051345451880   0.
-0.249992549408  -0.051366180356   0.
-0.249991297709  -0.051388555439   0.
-0.249989867195  -0.051411952649   0.
-0.249988228065  -0.051436521986   0.
-0.249986320714  -0.051462746458   0.
-0.249984145141  -0.051490276353   0.
-0.249981611940  -0.051519834960   0.
-0.249978721111  -0.051551047422   0.
-0.249975383245  -0.051584601635   0.
-0.249971538740  -0.051620249171   0.
-0.249967127991  -0.051658131939   0.
-0.249962031783  -0.051698679861   0.
-0.249956160718  -0.051742178621   0.
-0.249949395580  -0.051788635377   0.
-0.249941617163  -0.051838124869   0.
-0.249932646650  -0.051891063689   0.
-0.249922335031  -0.051947663072   0.
-0.249910473693  -0.052008303581   0.
-0.249896794405  -0.052073083119   0.
-0.249881028954  -0.052142616361   0.
-0.249862879311  -0.052217065124   0.
-0.249842017656  -0.052296656650   0.
-0.249817967138  -0.052381923771   0.
-0.249790250949  -0.052473374875   0.
-0.249758362406  -0.052571202628   0.
-0.249721645901  -0.052675996209   0.
-0.249679386150  -0.052788191708   0.
-0.249630689068  -0.052908479120   0.
-0.249574630812  -0.053037310019   0.
-0.249510108668  -0.053175193258   0.
-0.249435781618  -0.053322991589   0.
-0.249350218975  -0.053481194656   0.
-0.249251722184  -0.053650635295   0.
-0.249138324172  -0.053832038306   0.
-0.249007759965  -0.054026298923   0.
-0.248857466620  -0.054234270938   0.
-0.248684434104  -0.054456956219   0.
-0.248485264950  -0.054695257917   0.
-0.248256025137  -0.054950338090   0.
-0.247992154909  -0.055223343894   0.
-0.247688498581  -0.055515451357   0.
-0.247339036083  -0.055828012992   0.
-0.246936912648  -0.056162413675   0.
-0.246474260697  -0.056520124432   0.
-0.245942020323  -0.056902795099   0.
-0.245329849888  -0.057312078774   0.
-0.244625828695  -0.057749842759   0.
-0.243816396222  -0.058218079619   0.
-0.242885876913  -0.058718968183   0.
-0.241816538386  -0.059254804626   0.
-0.240587995388  -0.059828162193   0.
-0.239177062176  -0.060441824608   0.
-0.237557273358  -0.061098935083   0.
-0.235698589124  -0.061802940443   0.
-0.233566915616  -0.062557742000   0.
-0.231123568490  -0.063367828727   0.
-0.228324977681  -0.064238283783   0.
-0.225121967494  -0.065175102092   0.
-0.221459524706  -0.066185254604   0.
-0.217275988311  -0.067277126014   0.
-0.212502930313  -0.068460749462   0.
-0.207064595073  -0.069748340175   0.
-0.200877770782  -0.071154812351   0.
-0.193851776421  -0.072698570788   0.
-0.185888551176  -0.074400847778   0.
-0.176883496344  -0.076267413795   0.
-0.166726164520  -0.078286189586   0.
-0.155302055180  -0.080435533077   0.
-0.142494395375  -0.082682501525   0.
-0.128187656403  -0.084980342537   0.
-0.112270653248  -0.087265577167   0.
-0.094641923904  -0.089453991503   0.
-0.075214192271  -0.091466668993   0.
-0.053920954466  -0.093292992562   0.
-0.030723154545  -0.094956140965   0.
-0.005615025759  -0.096548181027   0.
0.021369040012  -0.098081290722   0.
0.050148755312  -0.099094834179   0.
0.080595880747  -0.099186211824   0.
0.112531602383  -0.098616842180   0.
0.145728617907  -0.097330041230   0.
0.179915100336  -0.095012500882   0.
0.214783608913  -0.091657746583   0.
0.250000000000  -0.087513040751   0.
0.285216152668  -0.082929145545   0.
0.320084631443  -0.078150365502   0.
0.354271352291  -0.073372747749   0.
0.387468159199  -0.068773206323   0.
0.419403910637  -0.064530286938   0.
0.449850976467  -0.060744136572   0.
0.478630781174  -0.057450730354   0.
0.505615055561  -0.054641876370   0.
0.530723214149  -0.052304707468   0.
0.553920984268  -0.050449814647   0.
0.575214207172  -0.049035202712   0.
0.594641923904  -0.047972176224   0.
0.612270712852  -0.047192960978   0.
0.628187656403  -0.046629721299   0.
0.642494380474  -0.046218883246   0.
0.655302107334  -0.045927137136   0.
0.666726291180  -0.045804981142   0.
0.676883518696  -0.045859539881   0.
0.685888588428  -0.046052467078   0.
0.693851828575  -0.046338412911   0.
0.700877785683  -0.046678656712   0.
0.707064628601  -0.047044086270   0.
0.712502956390  -0.047414083499   0.
0.717275977135  -0.047774902545   0.
0.721459507942  -0.048117802944   0.
0.725121974945  -0.048437709920   0.
0.728324890137  -0.048732091207   0.
0.731123566628  -0.049000105355   0.
0.733566939831  -0.049242177512   0.
0.735698580742  -0.049459365197   0.
0.737557232380  -0.049653175520   0.
0.739177048206  -0.049825475784   0.
0.740588009357  -0.049978019902   0.
0.741816580296  -0.050112712895   0.
0.742885887623  -0.050231350819   0.
0.743816435337  -0.050335641485   0.
0.744625866413  -0.050427142880   0.
0.745329856873  -0.050507332431   0.
0.745942056179  -0.050577508169   0.
0.746474266052  -0.050638819754   0.
0.746936917305  -0.050692396762   0.
0.747339069843  -0.050739143859   0.
0.747688472271  -0.050779905985   0.
0.747992157936  -0.050815429713   0.
0.748256027699  -0.050846410915   0.
0.748485267162  -0.050873338594   0.
0.748684465885  -0.050896820554   0.
0.748857438564  -0.050917225744   0.
0.749007761478  -0.050934986532   0.
0.749138295650  -0.050950443838   0.
0.749251723289  -0.050963883521   0.
0.749350249767  -0.050975560880   0.
0.749435782433  -0.050985712194   0.
0.749510109425  -0.050994532983   0.
0.749574601650  -0.051002196764   0.
0.749630689621  -0.051008868468   0.
0.749679386616  -0.051014660101   0.
0.749721646309  -0.051019684593   0.
0.749758362770  -0.051024055603   0.
0.749790251255  -0.051027853602   0.
0.749817967415  -0.051031154668   0.
0.749841988087  -0.051034015589   0.
0.749862849712  -0.051036499361   0.
0.749881029129  -0.051038667158   0.
0.749896824360  -0.051040551105   0.
0.749910473824  -0.051042179117   0.
0.749922335148  -0.051043593856   0.
0.749932646751  -0.051044823755   0.
0.749941647053  -0.051045897249   0.
0.749949395657  -0.051046821450   0.
0.749956190586  -0.051047631901   0.
0.749962031841  -0.051048328606   0.
0.749967157841  -0.051048940000   0.
0.749971568584  -0.051049466084   0.
0.749975383282  -0.051049921076   0.
0.749978721142  -0.051050319193   0.
0.749981582165  -0.051050660437   0.
0.749984145164  -0.051050966134   0.
0.749986350536  -0.051051229175   0.
0.749988257885  -0.051051456670   0.
0.749989867210  -0.051051648621   0.
0.749991297722  -0.051051819241   0.
0.749992549419  -0.051051968536   0.
0.749993622303  -0.051052096502   0.
0.749994575977  -0.051052210250   0.
0.749995410442  -0.051052309780   0.
0.749996066093  -0.051052387983   0.
0.749996721745  -0.051052466181   0.
0.749997198582  -0.051052523058   0.
0.749997675419  -0.051052579929   0.
0.749998092651  -0.051052629694   0.
0.749998450279  -0.051052672351   0.
0.749998748302  -0.051052707897   0.
0.749998986721  -0.051052736334   0.
0.749999225140  -0.051052764769   0.
0.749999463558  -0.051052793207   0.
0.749999582767  -0.051052807425   0.
0.749999761581  -0.051052828752   0.
0.749999880791  -0.051052842972   0.
0.750000000000  -0.051052857190   0.
